
MIN_RT_CUT <- 200.0